158,35
71,16
71,15
71,14
71,13
71,12
71,11
71,10
71,9
71,8
71,7
71,6
71,3
71,1
69,3
69,1
68,3
68,1
67,3
67,1
66,2819
66,263
66,3
66,1
65,3
65,1
64,3
10,211
64,1
10,117
63,3
10,67
63,1
10,85
62,9
62,3
10,183
62,1
61,3
10,143
61,1
60,3
10,245
60,1
10,249
59,3
59,1
58,3
58,1
11,13
57,5
11,7
11,25
57,3
57,1
11,27
11,5
11,23
11,9
56,3
11,11
56,1
53,9
53,3
53,1
9,5
52,3
52,1
51,3
51,1
8,10
50,3
0,406
50,1
49,10
49,3
12,2
49,1
12,1
48,3
12,3
48,1
46,3
46,1
45,3
45,1
44,3
44,1
43,9
43,3
43,1
42,3
42,1
41,12
41,3
41,1
20,2
20,1
40,140
40,3
40,1
39,3
20,3
39,1
38,21
38,3
38,1
37,8
37,3
37,1
19,2
36,3
19,1
36,1
35,3
19,3
35,1
34,3
34,1
33,20
33,3
33,1
32,3
32,1
31,8
31,3
31,1
30,172
30,3
30,1
14,8
14,6
14,5
18,1
